18 12 60 2
19 12 60 2
20 12 60 2
21 12 60 2
22 12 60 2
23 12 60 2
24 12 60 2
25 12 60 2
26 12 60 2
17 13 60 2
18 13 60 2
19 13 60 2
20 13 60 2
21 13 60 2
22 13 60 2
23 13 60 2
24 13 60 2
25 13 60 2
26 13 60 2
27 13 60 2
15 14 60 2
16 14 60 2
17 14 60 2
18 14 60 2
19 14 60 2
20 14 60 2
21 14 60 2
22 14 60 2
23 14 60 2
24 14 60 2
25 14 60 2
26 14 60 2
27 14 60 2
28 14 60 2
29 14 60 2
14 15 60 2
15 15 60 2
16 15 60 2
17 15 60 2
18 15 60 2
19 15 60 2
20 15 60 2
21 15 60 2
22 15 60 2
23 15 60 2
24 15 60 2
25 15 60 2
26 15 60 2
27 15 60 2
28 15 60 2
29 15 60 2
30 15 60 2
14 16 60 2
15 16 60 2
16 16 60 2
17 16 60 2
18 16 60 2
19 16 60 2
20 16 60 2
21 16 60 2
22 16 60 2
23 16 60 2
24 16 60 2
25 16 60 2
26 16 60 2
27 16 60 2
28 16 60 2
29 16 60 2
30 16 60 2
13 17 60 2
14 17 60 2
15 17 60 2
16 17 60 2
17 17 60 2
18 17 60 2
19 17 60 2
20 17 60 2
21 17 60 2
22 17 60 2
23 17 60 2
24 17 60 2
25 17 60 2
26 17 60 2
27 17 60 2
28 17 60 2
29 17 60 2
30 17 60 2
31 17 60 2
12 18 60 2
13 18 60 2
14 18 60 2
15 18 60 2
16 18 60 2
17 18 60 2
18 18 60 2
19 18 60 2
20 18 60 2
21 18 60 2
22 18 60 2
23 18 60 2
24 18 60 2
25 18 60 2
26 18 60 2
27 18 60 2
28 18 60 2
29 18 60 2
30 18 60 2
31 18 60 2
32 18 60 2
12 19 60 2
13 19 60 2
14 19 60 2
15 19 60 2
16 19 60 2
17 19 60 2
18 19 60 2
19 19 60 2
20 19 60 2
21 19 60 2
22 19 60 2
23 19 60 2
24 19 60 2
25 19 60 2
26 19 60 2
27 19 60 2
28 19 60 2
29 19 60 2
30 19 60 2
31 19 60 2
32 19 60 2
12 20 60 2
13 20 60 2
14 20 60 2
15 20 60 2
16 20 60 2
17 20 60 2
18 20 60 2
19 20 60 2
20 20 60 2
21 20 60 2
22 20 60 2
23 20 60 2
24 20 60 2
25 20 60 2
26 20 60 2
27 20 60 2
28 20 60 2
29 20 60 2
30 20 60 2
31 20 60 2
32 20 60 2
12 21 60 2
13 21 60 2
14 21 60 2
15 21 60 2
16 21 60 2
17 21 60 2
18 21 60 2
19 21 60 2
20 21 60 2
21 21 60 2
22 21 60 2
23 21 60 2
24 21 60 2
25 21 60 2
26 21 60 2
27 21 60 2
28 21 60 2
29 21 60 2
30 21 60 2
31 21 60 2
32 21 60 2
12 22 60 2
13 22 60 2
14 22 60 2
15 22 60 2
16 22 60 2
17 22 60 2
18 22 60 2
19 22 60 2
20 22 60 2
21 22 60 2
22 22 60 2
23 22 60 2
24 22 60 2
25 22 60 2
26 22 60 2
27 22 60 2
28 22 60 2
29 22 60 2
30 22 60 2
31 22 60 2
32 22 60 2
12 23 60 2
13 23 60 2
14 23 60 2
15 23 60 2
16 23 60 2
17 23 60 2
18 23 60 2
19 23 60 2
20 23 60 2
21 23 60 2
22 23 60 2
23 23 60 2
24 23 60 2
25 23 60 2
26 23 60 2
27 23 60 2
28 23 60 2
29 23 60 2
30 23 60 2
31 23 60 2
32 23 60 2
12 24 60 2
13 24 60 2
14 24 60 2
15 24 60 2
16 24 60 2
17 24 60 2
18 24 60 2
19 24 60 2
20 24 60 2
21 24 60 2
22 24 60 2
23 24 60 2
24 24 60 2
25 24 60 2
26 24 60 2
27 24 60 2
28 24 60 2
29 24 60 2
30 24 60 2
31 24 60 2
32 24 60 2
12 25 60 2
13 25 60 2
14 25 60 2
15 25 60 2
16 25 60 2
17 25 60 2
18 25 60 2
19 25 60 2
20 25 60 2
21 25 60 2
22 25 60 2
23 25 60 2
24 25 60 2
25 25 60 2
26 25 60 2
27 25 60 2
28 25 60 2
29 25 60 2
30 25 60 2
31 25 60 2
32 25 60 2
12 26 60 2
13 26 60 2
14 26 60 2
15 26 60 2
16 26 60 2
17 26 60 2
18 26 60 2
19 26 60 2
20 26 60 2
21 26 60 2
22 26 60 2
23 26 60 2
24 26 60 2
25 26 60 2
26 26 60 2
27 26 60 2
28 26 60 2
29 26 60 2
30 26 60 2
31 26 60 2
32 26 60 2
13 27 60 2
14 27 60 2
15 27 60 2
16 27 60 2
17 27 60 2
18 27 60 2
19 27 60 2
20 27 60 2
21 27 60 2
22 27 60 2
23 27 60 2
24 27 60 2
25 27 60 2
26 27 60 2
27 27 60 2
28 27 60 2
29 27 60 2
30 27 60 2
31 27 60 2
14 28 60 2
15 28 60 2
16 28 60 2
17 28 60 2
18 28 60 2
19 28 60 2
20 28 60 2
21 28 60 2
22 28 60 2
23 28 60 2
24 28 60 2
25 28 60 2
26 28 60 2
27 28 60 2
28 28 60 2
29 28 60 2
30 28 60 2
14 29 60 2
15 29 60 2
16 29 60 2
17 29 60 2
18 29 60 2
19 29 60 2
20 29 60 2
21 29 60 2
22 29 60 2
23 29 60 2
24 29 60 2
25 29 60 2
26 29 60 2
27 29 60 2
28 29 60 2
29 29 60 2
30 29 60 2
15 30 60 2
16 30 60 2
17 30 60 2
18 30 60 2
19 30 60 2
20 30 60 2
21 30 60 2
22 30 60 2
23 30 60 2
24 30 60 2
25 30 60 2
26 30 60 2
27 30 60 2
28 30 60 2
29 30 60 2
17 31 60 2
18 31 60 2
19 31 60 2
20 31 60 2
21 31 60 2
22 31 60 2
23 31 60 2
24 31 60 2
25 31 60 2
26 31 60 2
27 31 60 2
18 32 60 2
19 32 60 2
20 32 60 2
21 32 60 2
22 32 60 2
23 32 60 2
24 32 60 2
25 32 60 2
26 32 60 2
17 12 61 2
18 12 61 2
19 12 61 2
20 12 61 2
21 12 61 2
22 12 61 2
23 12 61 2
24 12 61 2
25 12 61 2
26 12 61 2
27 12 61 2
16 13 61 2
17 13 61 2
18 13 61 1
19 13 61 1
20 13 61 1
21 13 61 1
22 13 61 1
23 13 61 1
24 13 61 1
25 13 61 1
26 13 61 1
27 13 61 2
28 13 61 2
14 14 61 2
15 14 61 2
16 14 61 2
17 14 61 1
18 14 61 1
19 14 61 1
20 14 61 1
21 14 61 1
22 14 61 1
23 14 61 1
24 14 61 1
25 14 61 1
26 14 61 1
27 14 61 1
28 14 61 2
29 14 61 2
30 14 61 2
14 15 61 2
15 15 61 1
16 15 61 1
17 15 61 1
18 15 61 1
19 15 61 1
20 15 61 1
21 15 61 1
22 15 61 1
23 15 61 1
24 15 61 1
25 15 61 1
26 15 61 1
27 15 61 1
28 15 61 1
29 15 61 1
30 15 61 2
13 16 61 2
14 16 61 2
15 16 61 1
16 16 61 1
17 16 61 1
18 16 61 1
19 16 61 1
20 16 61 1
21 16 61 1
22 16 61 1
23 16 61 1
24 16 61 1
25 16 61 1
26 16 61 1
27 16 61 1
28 16 61 1
29 16 61 1
30 16 61 2
31 16 61 2
12 17 61 2
13 17 61 2
14 17 61 1
15 17 61 1
16 17 61 1
17 17 61 1
18 17 61 1
19 17 61 1
20 17 61 1
21 17 61 1
22 17 61 1
23 17 61 1
24 17 61 1
25 17 61 1
26 17 61 1
27 17 61 1
28 17 61 1
29 17 61 1
30 17 61 1
31 17 61 2
32 17 61 2
12 18 61 2
13 18 61 1
14 18 61 1
15 18 61 1
16 18 61 1
17 18 61 1
18 18 61 1
19 18 61 1
20 18 61 1
21 18 61 1
22 18 61 1
23 18 61 1
24 18 61 1
25 18 61 1
26 18 61 1
27 18 61 1
28 18 61 1
29 18 61 1
30 18 61 1
31 18 61 1
32 18 61 2
12 19 61 2
13 19 61 1
14 19 61 1
15 19 61 1
16 19 61 1
17 19 61 1
18 19 61 1
19 19 61 1
20 19 61 1
21 19 61 1
22 19 61 1
23 19 61 1
24 19 61 1
25 19 61 1
26 19 61 1
27 19 61 1
28 19 61 1
29 19 61 1
30 19 61 1
31 19 61 1
32 19 61 2
12 20 61 2
13 20 61 1
14 20 61 1
15 20 61 1
16 20 61 1
17 20 61 1
18 20 61 1
19 20 61 1
20 20 61 1
21 20 61 1
22 20 61 1
23 20 61 1
24 20 61 1
25 20 61 1
26 20 61 1
27 20 61 1
28 20 61 1
29 20 61 1
30 20 61 1
31 20 61 1
32 20 61 2
12 21 61 2
13 21 61 1
14 21 61 1
15 21 61 1
16 21 61 1
17 21 61 1
18 21 61 1
19 21 61 1
20 21 61 1
21 21 61 1
22 21 61 1
23 21 61 1
24 21 61 1
25 21 61 1
26 21 61 1
27 21 61 1
28 21 61 1
29 21 61 1
30 21 61 1
31 21 61 1
32 21 61 2
12 22 61 2
13 22 61 1
14 22 61 1
15 22 61 1
16 22 61 1
17 22 61 1
18 22 61 1
19 22 61 1
20 22 61 1
21 22 61 1
22 22 61 1
23 22 61 1
24 22 61 1
25 22 61 1
26 22 61 1
27 22 61 1
28 22 61 1
29 22 61 1
30 22 61 1
31 22 61 1
32 22 61 2
12 23 61 2
13 23 61 1
14 23 61 1
15 23 61 1
16 23 61 1
17 23 61 1
18 23 61 1
19 23 61 1
20 23 61 1
21 23 61 1
22 23 61 1
23 23 61 1
24 23 61 1
25 23 61 1
26 23 61 1
27 23 61 1
28 23 61 1
29 23 61 1
30 23 61 1
31 23 61 1
32 23 61 2
12 24 61 2
13 24 61 1
14 24 61 1
15 24 61 1
16 24 61 1
17 24 61 1
18 24 61 1
19 24 61 1
20 24 61 1
21 24 61 1
22 24 61 1
23 24 61 1
24 24 61 1
25 24 61 1
26 24 61 1
27 24 61 1
28 24 61 1
29 24 61 1
30 24 61 1
31 24 61 1
32 24 61 2
12 25 61 2
13 25 61 1
14 25 61 1
15 25 61 1
16 25 61 1
17 25 61 1
18 25 61 1
19 25 61 1
20 25 61 1
21 25 61 1
22 25 61 1
23 25 61 1
24 25 61 1
25 25 61 1
26 25 61 1
27 25 61 1
28 25 61 1
29 25 61 1
30 25 61 1
31 25 61 1
32 25 61 2
12 26 61 2
13 26 61 1
14 26 61 1
15 26 61 1
16 26 61 1
17 26 61 1
18 26 61 1
19 26 61 1
20 26 61 1
21 26 61 1
22 26 61 1
23 26 61 1
24 26 61 1
25 26 61 1
26 26 61 1
27 26 61 1
28 26 61 1
29 26 61 1
30 26 61 1
31 26 61 1
32 26 61 2
12 27 61 2
13 27 61 2
14 27 61 1
15 27 61 1
16 27 61 1
17 27 61 1
18 27 61 1
19 27 61 1
20 27 61 1
21 27 61 1
22 27 61 1
23 27 61 1
24 27 61 1
25 27 61 1
26 27 61 1
27 27 61 1
28 27 61 1
29 27 61 1
30 27 61 1
31 27 61 2
32 27 61 2
13 28 61 2
14 28 61 2
15 28 61 1
16 28 61 1
17 28 61 1
18 28 61 1
19 28 61 1
20 28 61 1
21 28 61 1
22 28 61 1
23 28 61 1
24 28 61 1
25 28 61 1
26 28 61 1
27 28 61 1
28 28 61 1
29 28 61 1
30 28 61 2
31 28 61 2
14 29 61 2
15 29 61 1
16 29 61 1
17 29 61 1
18 29 61 1
19 29 61 1
20 29 61 1
21 29 61 1
22 29 61 1
23 29 61 1
24 29 61 1
25 29 61 1
26 29 61 1
27 29 61 1
28 29 61 1
29 29 61 1
30 29 61 2
14 30 61 2
15 30 61 2
16 30 61 2
17 30 61 1
18 30 61 1
19 30 61 1
20 30 61 1
21 30 61 1
22 30 61 1
23 30 61 1
24 30 61 1
25 30 61 1
26 30 61 1
27 30 61 1
28 30 61 2
29 30 61 2
30 30 61 2
16 31 61 2
17 31 61 2
18 31 61 1
19 31 61 1
20 31 61 1
21 31 61 1
22 31 61 1
23 31 61 1
24 31 61 1
25 31 61 1
26 31 61 1
27 31 61 2
28 31 61 2
17 32 61 2
18 32 61 2
19 32 61 2
20 32 61 2
21 32 61 2
22 32 61 2
23 32 61 2
24 32 61 2
25 32 61 2
26 32 61 2
27 32 61 2
17 12 62 2
18 12 62 2
19 12 62 2
20 12 62 2
21 12 62 2
22 12 62 2
23 12 62 2
24 12 62 2
25 12 62 2
26 12 62 2
27 12 62 2
16 13 62 2
17 13 62 2
18 13 62 1
19 13 62 1
20 13 62 1
21 13 62 1
22 13 62 1
23 13 62 1
24 13 62 1
25 13 62 1
26 13 62 1
27 13 62 2
28 13 62 2
14 14 62 2
15 14 62 2
16 14 62 2
17 14 62 1
18 14 62 1
19 14 62 1
20 14 62 1
21 14 62 1
22 14 62 1
23 14 62 1
24 14 62 1
25 14 62 1
26 14 62 1
27 14 62 1
28 14 62 2
29 14 62 2
30 14 62 2
14 15 62 2
15 15 62 1
16 15 62 1
17 15 62 1
18 15 62 1
19 15 62 1
20 15 62 1
21 15 62 1
22 15 62 1
23 15 62 1
24 15 62 1
25 15 62 1
26 15 62 1
27 15 62 1
28 15 62 1
29 15 62 1
30 15 62 2
13 16 62 2
14 16 62 2
15 16 62 1
16 16 62 1
17 16 62 1
18 16 62 1
19 16 62 1
20 16 62 1
21 16 62 1
22 16 62 1
23 16 62 1
24 16 62 1
25 16 62 1
26 16 62 1
27 16 62 1
28 16 62 1
29 16 62 1
30 16 62 2
31 16 62 2
12 17 62 2
13 17 62 2
14 17 62 1
15 17 62 1
16 17 62 1
17 17 62 1
18 17 62 1
19 17 62 1
20 17 62 1
21 17 62 1
22 17 62 1
23 17 62 1
24 17 62 1
25 17 62 1
26 17 62 1
27 17 62 1
28 17 62 1
29 17 62 1
30 17 62 1
31 17 62 2
32 17 62 2
12 18 62 2
13 18 62 1
14 18 62 1
15 18 62 1
16 18 62 1
17 18 62 1
18 18 62 1
19 18 62 1
20 18 62 1
21 18 62 1
22 18 62 1
23 18 62 1
24 18 62 1
25 18 62 1
26 18 62 1
27 18 62 1
28 18 62 1
29 18 62 1
30 18 62 1
31 18 62 1
32 18 62 2
12 19 62 2
13 19 62 1
14 19 62 1
15 19 62 1
16 19 62 1
17 19 62 1
18 19 62 1
19 19 62 1
20 19 62 1
21 19 62 1
22 19 62 1
23 19 62 1
24 19 62 1
25 19 62 1
26 19 62 1
27 19 62 1
28 19 62 1
29 19 62 1
30 19 62 1
31 19 62 1
32 19 62 2
12 20 62 2
13 20 62 1
14 20 62 1
15 20 62 1
16 20 62 1
17 20 62 1
18 20 62 1
19 20 62 1
20 20 62 1
21 20 62 1
22 20 62 1
23 20 62 1
24 20 62 1
25 20 62 1
26 20 62 1
27 20 62 1
28 20 62 1
29 20 62 1
30 20 62 1
31 20 62 1
32 20 62 2
12 21 62 2
13 21 62 1
14 21 62 1
15 21 62 1
16 21 62 1
17 21 62 1
18 21 62 1
19 21 62 1
20 21 62 1
21 21 62 1
22 21 62 1
23 21 62 1
24 21 62 1
25 21 62 1
26 21 62 1
27 21 62 1
28 21 62 1
29 21 62 1
30 21 62 1
31 21 62 1
32 21 62 2
12 22 62 2
13 22 62 1
14 22 62 1
15 22 62 1
16 22 62 1
17 22 62 1
18 22 62 1
19 22 62 1
20 22 62 1
21 22 62 1
22 22 62 1
23 22 62 1
24 22 62 1
25 22 62 1
26 22 62 1
27 22 62 1
28 22 62 1
29 22 62 1
30 22 62 1
31 22 62 1
32 22 62 2
12 23 62 2
13 23 62 1
14 23 62 1
15 23 62 1
16 23 62 1
17 23 62 1
18 23 62 1
19 23 62 1
20 23 62 1
21 23 62 1
22 23 62 1
23 23 62 1
24 23 62 1
25 23 62 1
26 23 62 1
27 23 62 1
28 23 62 1
29 23 62 1
30 23 62 1
31 23 62 1
32 23 62 2
12 24 62 2
13 24 62 1
14 24 62 1
15 24 62 1
16 24 62 1
17 24 62 1
18 24 62 1
19 24 62 1
20 24 62 1
21 24 62 1
22 24 62 1
23 24 62 1
24 24 62 1
25 24 62 1
26 24 62 1
27 24 62 1
28 24 62 1
29 24 62 1
30 24 62 1
31 24 62 1
32 24 62 2
12 25 62 2
13 25 62 1
14 25 62 1
15 25 62 1
16 25 62 1
17 25 62 1
18 25 62 1
19 25 62 1
20 25 62 1
21 25 62 1
22 25 62 1
23 25 62 1
24 25 62 1
25 25 62 1
26 25 62 1
27 25 62 1
28 25 62 1
29 25 62 1
30 25 62 1
31 25 62 1
32 25 62 2
12 26 62 2
13 26 62 1
14 26 62 1
15 26 62 1
16 26 62 1
17 26 62 1
18 26 62 1
19 26 62 1
20 26 62 1
21 26 62 1
22 26 62 1
23 26 62 1
24 26 62 1
25 26 62 1
26 26 62 1
27 26 62 1
28 26 62 1
29 26 62 1
30 26 62 1
31 26 62 1
32 26 62 2
12 27 62 2
13 27 62 2
14 27 62 1
15 27 62 1
16 27 62 1
17 27 62 1
18 27 62 1
19 27 62 1
20 27 62 1
21 27 62 1
22 27 62 1
23 27 62 1
24 27 62 1
25 27 62 1
26 27 62 1
27 27 62 1
28 27 62 1
29 27 62 1
30 27 62 1
31 27 62 2
32 27 62 2
13 28 62 2
14 28 62 2
15 28 62 1
16 28 62 1
17 28 62 1
18 28 62 1
19 28 62 1
20 28 62 1
21 28 62 1
22 28 62 1
23 28 62 1
24 28 62 1
25 28 62 1
26 28 62 1
27 28 62 1
28 28 62 1
29 28 62 1
30 28 62 2
31 28 62 2
14 29 62 2
15 29 62 1
16 29 62 1
17 29 62 1
18 29 62 1
19 29 62 1
20 29 62 1
21 29 62 1
22 29 62 1
23 29 62 1
24 29 62 1
25 29 62 1
26 29 62 1
27 29 62 1
28 29 62 1
29 29 62 1
30 29 62 2
14 30 62 2
15 30 62 2
16 30 62 2
17 30 62 1
18 30 62 1
19 30 62 1
20 30 62 1
21 30 62 1
22 30 62 1
23 30 62 1
24 30 62 1
25 30 62 1
26 30 62 1
27 30 62 1
28 30 62 2
29 30 62 2
30 30 62 2
16 31 62 2
17 31 62 2
18 31 62 1
19 31 62 1
20 31 62 1
21 31 62 1
22 31 62 1
23 31 62 1
24 31 62 1
25 31 62 1
26 31 62 1
27 31 62 2
28 31 62 2
17 32 62 2
18 32 62 2
19 32 62 2
20 32 62 2
21 32 62 2
22 32 62 2
23 32 62 2
24 32 62 2
25 32 62 2
26 32 62 2
27 32 62 2
17 12 63 2
18 12 63 2
19 12 63 2
20 12 63 2
21 12 63 2
22 12 63 2
23 12 63 2
24 12 63 2
25 12 63 2
26 12 63 2
27 12 63 2
16 13 63 2
17 13 63 2
18 13 63 1
19 13 63 1
20 13 63 1
21 13 63 1
22 13 63 1
23 13 63 1
24 13 63 1
25 13 63 1
26 13 63 1
27 13 63 2
28 13 63 2
14 14 63 2
15 14 63 2
16 14 63 2
17 14 63 1
18 14 63 1
19 14 63 1
20 14 63 1
21 14 63 1
22 14 63 1
23 14 63 1
24 14 63 1
25 14 63 1
26 14 63 1
27 14 63 1
28 14 63 2
29 14 63 2
30 14 63 2
14 15 63 2
15 15 63 1
16 15 63 1
17 15 63 1
18 15 63 1
19 15 63 1
20 15 63 1
21 15 63 1
22 15 63 1
23 15 63 1
24 15 63 1
25 15 63 1
26 15 63 1
27 15 63 1
28 15 63 1
29 15 63 1
30 15 63 2
13 16 63 2
14 16 63 2
15 16 63 1
16 16 63 1
17 16 63 1
18 16 63 1
19 16 63 1
20 16 63 1
21 16 63 1
22 16 63 1
23 16 63 1
24 16 63 1
25 16 63 1
26 16 63 1
27 16 63 1
28 16 63 1
29 16 63 1
30 16 63 2
31 16 63 2
12 17 63 2
13 17 63 2
14 17 63 1
15 17 63 1
16 17 63 1
17 17 63 1
18 17 63 1
19 17 63 1
20 17 63 1
21 17 63 1
22 17 63 1
23 17 63 1
24 17 63 1
25 17 63 1
26 17 63 1
27 17 63 1
28 17 63 1
29 17 63 1
30 17 63 1
31 17 63 2
32 17 63 2
12 18 63 2
13 18 63 1
14 18 63 1
15 18 63 1
16 18 63 1
17 18 63 1
18 18 63 1
19 18 63 1
20 18 63 1
21 18 63 1
22 18 63 1
23 18 63 1
24 18 63 1
25 18 63 1
26 18 63 1
27 18 63 1
28 18 63 1
29 18 63 1
30 18 63 1
31 18 63 1
32 18 63 2
12 19 63 2
13 19 63 1
14 19 63 1
15 19 63 1
16 19 63 1
17 19 63 1
18 19 63 1
19 19 63 1
20 19 63 1
21 19 63 1
22 19 63 1
23 19 63 1
24 19 63 1
25 19 63 1
26 19 63 1
27 19 63 1
28 19 63 1
29 19 63 1
30 19 63 1
31 19 63 1
32 19 63 2
12 20 63 2
13 20 63 1
14 20 63 1
15 20 63 1
16 20 63 1
17 20 63 1
18 20 63 1
19 20 63 1
20 20 63 1
21 20 63 1
22 20 63 1
23 20 63 1
24 20 63 1
25 20 63 1
26 20 63 1
27 20 63 1
28 20 63 1
29 20 63 1
30 20 63 1
31 20 63 1
32 20 63 2
12 21 63 2
13 21 63 1
14 21 63 1
15 21 63 1
16 21 63 1
17 21 63 1
18 21 63 1
19 21 63 1
20 21 63 1
21 21 63 1
22 21 63 1
23 21 63 1
24 21 63 1
25 21 63 1
26 21 63 1
27 21 63 1
28 21 63 1
29 21 63 1
30 21 63 1
31 21 63 1
32 21 63 2
12 22 63 2
13 22 63 1
14 22 63 1
15 22 63 1
16 22 63 1
17 22 63 1
18 22 63 1
19 22 63 1
20 22 63 1
21 22 63 1
22 22 63 1
23 22 63 1
24 22 63 1
25 22 63 1
26 22 63 1
27 22 63 1
28 22 63 1
29 22 63 1
30 22 63 1
31 22 63 1
32 22 63 2
12 23 63 2
13 23 63 1
14 23 63 1
15 23 63 1
16 23 63 1
17 23 63 1
18 23 63 1
19 23 63 1
20 23 63 1
21 23 63 1
22 23 63 1
23 23 63 1
24 23 63 1
25 23 63 1
26 23 63 1
27 23 63 1
28 23 63 1
29 23 63 1
30 23 63 1
31 23 63 1
32 23 63 2
12 24 63 2
13 24 63 1
14 24 63 1
15 24 63 1
16 24 63 1
17 24 63 1
18 24 63 1
19 24 63 1
20 24 63 1
21 24 63 1
22 24 63 1
23 24 63 1
24 24 63 1
25 24 63 1
26 24 63 1
27 24 63 1
28 24 63 1
29 24 63 1
30 24 63 1
31 24 63 1
32 24 63 2
12 25 63 2
13 25 63 1
14 25 63 1
15 25 63 1
16 25 63 1
17 25 63 1
18 25 63 1
19 25 63 1
20 25 63 1
21 25 63 1
22 25 63 1
23 25 63 1
24 25 63 1
25 25 63 1
26 25 63 1
27 25 63 1
28 25 63 1
29 25 63 1
30 25 63 1
31 25 63 1
32 25 63 2
12 26 63 2
13 26 63 1
14 26 63 1
15 26 63 1
16 26 63 1
17 26 63 1
18 26 63 1
19 26 63 1
20 26 63 1
21 26 63 1
22 26 63 1
23 26 63 1
24 26 63 1
25 26 63 1
26 26 63 1
27 26 63 1
28 26 63 1
29 26 63 1
30 26 63 1
31 26 63 1
32 26 63 2
12 27 63 2
13 27 63 2
14 27 63 1
15 27 63 1
16 27 63 1
17 27 63 1
18 27 63 1
19 27 63 1
20 27 63 1
21 27 63 1
22 27 63 1
23 27 63 1
24 27 63 1
25 27 63 1
26 27 63 1
27 27 63 1
28 27 63 1
29 27 63 1
30 27 63 1
31 27 63 2
32 27 63 2
13 28 63 2
14 28 63 2
15 28 63 1
16 28 63 1
17 28 63 1
18 28 63 1
19 28 63 1
20 28 63 1
21 28 63 1
22 28 63 1
23 28 63 1
24 28 63 1
25 28 63 1
26 28 63 1
27 28 63 1
28 28 63 1
29 28 63 1
30 28 63 2
31 28 63 2
14 29 63 2
15 29 63 1
16 29 63 1
17 29 63 1
18 29 63 1
19 29 63 1
20 29 63 1
21 29 63 1
22 29 63 1
23 29 63 1
24 29 63 1
25 29 63 1
26 29 63 1
27 29 63 1
28 29 63 1
29 29 63 1
30 29 63 2
14 30 63 2
15 30 63 2
16 30 63 2
17 30 63 1
18 30 63 1
19 30 63 1
20 30 63 1
21 30 63 1
22 30 63 1
23 30 63 1
24 30 63 1
25 30 63 1
26 30 63 1
27 30 63 1
28 30 63 2
29 30 63 2
30 30 63 2
16 31 63 2
17 31 63 2
18 31 63 1
19 31 63 1
20 31 63 1
21 31 63 1
22 31 63 1
23 31 63 1
24 31 63 1
25 31 63 1
26 31 63 1
27 31 63 2
28 31 63 2
17 32 63 2
18 32 63 2
19 32 63 2
20 32 63 2
21 32 63 2
22 32 63 2
23 32 63 2
24 32 63 2
25 32 63 2
26 32 63 2
27 32 63 2
17 12 64 2
18 12 64 2
19 12 64 2
20 12 64 2
21 12 64 2
22 12 64 2
23 12 64 2
24 12 64 2
25 12 64 2
26 12 64 2
27 12 64 2
16 13 64 2
17 13 64 2
18 13 64 1
19 13 64 1
20 13 64 1
21 13 64 1
22 13 64 1
23 13 64 1
24 13 64 1
25 13 64 1
26 13 64 1
27 13 64 2
28 13 64 2
14 14 64 2
15 14 64 2
16 14 64 2
17 14 64 1
18 14 64 1
19 14 64 1
20 14 64 1
21 14 64 1
22 14 64 1
23 14 64 1
24 14 64 1
25 14 64 1
26 14 64 1
27 14 64 1
28 14 64 2
29 14 64 2
30 14 64 2
14 15 64 2
15 15 64 1
16 15 64 1
17 15 64 1
18 15 64 1
19 15 64 1
20 15 64 1
21 15 64 1
22 15 64 1
23 15 64 1
24 15 64 1
25 15 64 1
26 15 64 1
27 15 64 1
28 15 64 1
29 15 64 1
30 15 64 2
13 16 64 2
14 16 64 2
15 16 64 1
16 16 64 1
17 16 64 1
18 16 64 1
19 16 64 1
20 16 64 1
21 16 64 1
22 16 64 1
23 16 64 1
24 16 64 1
25 16 64 1
26 16 64 1
27 16 64 1
28 16 64 1
29 16 64 1
30 16 64 2
31 16 64 2
12 17 64 2
13 17 64 2
14 17 64 1
15 17 64 1
16 17 64 1
17 17 64 1
18 17 64 1
19 17 64 1
20 17 64 1
21 17 64 1
22 17 64 1
23 17 64 1
24 17 64 1
25 17 64 1
26 17 64 1
27 17 64 1
28 17 64 1
29 17 64 1
30 17 64 1
31 17 64 2
32 17 64 2
12 18 64 2
13 18 64 1
14 18 64 1
15 18 64 1
16 18 64 1
17 18 64 1
18 18 64 1
19 18 64 1
20 18 64 1
21 18 64 1
22 18 64 1
23 18 64 1
24 18 64 1
25 18 64 1
26 18 64 1
27 18 64 1
28 18 64 1
29 18 64 1
30 18 64 1
31 18 64 1
32 18 64 2
12 19 64 2
13 19 64 1
14 19 64 1
15 19 64 1
16 19 64 1
17 19 64 1
18 19 64 1
19 19 64 1
20 19 64 1
21 19 64 1
22 19 64 1
23 19 64 1
24 19 64 1
25 19 64 1
26 19 64 1
27 19 64 1
28 19 64 1
29 19 64 1
30 19 64 1
31 19 64 1
32 19 64 2
12 20 64 2
13 20 64 1
14 20 64 1
15 20 64 1
16 20 64 1
17 20 64 1
18 20 64 1
19 20 64 1
20 20 64 1
21 20 64 1
22 20 64 1
23 20 64 1
24 20 64 1
25 20 64 1
26 20 64 1
27 20 64 1
28 20 64 1
29 20 64 1
30 20 64 1
31 20 64 1
32 20 64 2
12 21 64 2
13 21 64 1
14 21 64 1
15 21 64 1
16 21 64 1
17 21 64 1
18 21 64 1
19 21 64 1
20 21 64 1
21 21 64 1
22 21 64 1
23 21 64 1
24 21 64 1
25 21 64 1
26 21 64 1
27 21 64 1
28 21 64 1
29 21 64 1
30 21 64 1
31 21 64 1
32 21 64 2
12 22 64 2
13 22 64 1
14 22 64 1
15 22 64 1
16 22 64 1
17 22 64 1
18 22 64 1
19 22 64 1
20 22 64 1
21 22 64 1
22 22 64 1
23 22 64 1
24 22 64 1
25 22 64 1
26 22 64 1
27 22 64 1
28 22 64 1
29 22 64 1
30 22 64 1
31 22 64 1
32 22 64 2
12 23 64 2
13 23 64 1
14 23 64 1
15 23 64 1
16 23 64 1
17 23 64 1
18 23 64 1
19 23 64 1
20 23 64 1
21 23 64 1
22 23 64 1
23 23 64 1
24 23 64 1
25 23 64 1
26 23 64 1
27 23 64 1
28 23 64 1
29 23 64 1
30 23 64 1
31 23 64 1
32 23 64 2
12 24 64 2
13 24 64 1
14 24 64 1
15 24 64 1
16 24 64 1
17 24 64 1
18 24 64 1
19 24 64 1
20 24 64 1
21 24 64 1
22 24 64 1
23 24 64 1
24 24 64 1
25 24 64 1
26 24 64 1
27 24 64 1
28 24 64 1
29 24 64 1
30 24 64 1
31 24 64 1
32 24 64 2
12 25 64 2
13 25 64 1
14 25 64 1
15 25 64 1
16 25 64 1
17 25 64 1
18 25 64 1
19 25 64 1
20 25 64 1
21 25 64 1
22 25 64 1
23 25 64 1
24 25 64 1
25 25 64 1
26 25 64 1
27 25 64 1
28 25 64 1
29 25 64 1
30 25 64 1
31 25 64 1
32 25 64 2
12 26 64 2
13 26 64 1
14 26 64 1
15 26 64 1
16 26 64 1
17 26 64 1
18 26 64 1
19 26 64 1
20 26 64 1
21 26 64 1
22 26 64 1
23 26 64 1
24 26 64 1
25 26 64 1
26 26 64 1
27 26 64 1
28 26 64 1
29 26 64 1
30 26 64 1
31 26 64 1
32 26 64 2
12 27 64 2
13 27 64 2
14 27 64 1
15 27 64 1
16 27 64 1
17 27 64 1
18 27 64 1
19 27 64 1
20 27 64 1
21 27 64 1
22 27 64 1
23 27 64 1
24 27 64 1
25 27 64 1
26 27 64 1
27 27 64 1
28 27 64 1
29 27 64 1
30 27 64 1
31 27 64 2
32 27 64 2
13 28 64 2
14 28 64 2
15 28 64 1
16 28 64 1
17 28 64 1
18 28 64 1
19 28 64 1
20 28 64 1
21 28 64 1
22 28 64 1
23 28 64 1
24 28 64 1
25 28 64 1
26 28 64 1
27 28 64 1
28 28 64 1
29 28 64 1
30 28 64 2
31 28 64 2
14 29 64 2
15 29 64 1
16 29 64 1
17 29 64 1
18 29 64 1
19 29 64 1
20 29 64 1
21 29 64 1
22 29 64 1
23 29 64 1
24 29 64 1
25 29 64 1
26 29 64 1
27 29 64 1
28 29 64 1
29 29 64 1
30 29 64 2
14 30 64 2
15 30 64 2
16 30 64 2
17 30 64 1
18 30 64 1
19 30 64 1
20 30 64 1
21 30 64 1
22 30 64 1
23 30 64 1
24 30 64 1
25 30 64 1
26 30 64 1
27 30 64 1
28 30 64 2
29 30 64 2
30 30 64 2
16 31 64 2
17 31 64 2
18 31 64 1
19 31 64 1
20 31 64 1
21 31 64 1
22 31 64 1
23 31 64 1
24 31 64 1
25 31 64 1
26 31 64 1
27 31 64 2
28 31 64 2
17 32 64 2
18 32 64 2
19 32 64 2
20 32 64 2
21 32 64 2
22 32 64 2
23 32 64 2
24 32 64 2
25 32 64 2
26 32 64 2
27 32 64 2
17 12 65 2
18 12 65 2
19 12 65 2
20 12 65 2
21 12 65 2
22 12 65 2
23 12 65 2
24 12 65 2
25 12 65 2
26 12 65 2
27 12 65 2
16 13 65 2
17 13 65 2
18 13 65 1
19 13 65 1
20 13 65 1
21 13 65 1
22 13 65 1
23 13 65 1
24 13 65 1
25 13 65 1
26 13 65 1
27 13 65 2
28 13 65 2
14 14 65 2
15 14 65 2
16 14 65 2
17 14 65 1
18 14 65 1
19 14 65 1
20 14 65 1
21 14 65 1
22 14 65 1
23 14 65 1
24 14 65 1
25 14 65 1
26 14 65 1
27 14 65 1
28 14 65 2
29 14 65 2
30 14 65 2
14 15 65 2
15 15 65 1
16 15 65 1
17 15 65 1
18 15 65 1
19 15 65 1
20 15 65 1
21 15 65 1
22 15 65 1
23 15 65 1
24 15 65 1
25 15 65 1
26 15 65 1
27 15 65 1
28 15 65 1
29 15 65 1
30 15 65 2
13 16 65 2
14 16 65 2
15 16 65 1
16 16 65 1
17 16 65 1
18 16 65 1
19 16 65 1
20 16 65 1
21 16 65 1
22 16 65 1
23 16 65 1
24 16 65 1
25 16 65 1
26 16 65 1
27 16 65 1
28 16 65 1
29 16 65 1
30 16 65 2
31 16 65 2
12 17 65 2
13 17 65 2
14 17 65 1
15 17 65 1
16 17 65 1
17 17 65 1
18 17 65 1
19 17 65 1
20 17 65 1
21 17 65 1
22 17 65 1
23 17 65 1
24 17 65 1
25 17 65 1
26 17 65 1
27 17 65 1
28 17 65 1
29 17 65 1
30 17 65 1
31 17 65 2
32 17 65 2
12 18 65 2
13 18 65 1
14 18 65 1
15 18 65 1
16 18 65 1
17 18 65 1
18 18 65 1
19 18 65 1
20 18 65 1
21 18 65 1
22 18 65 1
23 18 65 1
24 18 65 1
25 18 65 1
26 18 65 1
27 18 65 1
28 18 65 1
29 18 65 1
30 18 65 1
31 18 65 1
32 18 65 2
12 19 65 2
13 19 65 1
14 19 65 1
15 19 65 1
16 19 65 1
17 19 65 1
18 19 65 1
19 19 65 1
20 19 65 1
21 19 65 1
22 19 65 1
23 19 65 1
24 19 65 1
25 19 65 1
26 19 65 1
27 19 65 1
28 19 65 1
29 19 65 1
30 19 65 1
31 19 65 1
32 19 65 2
12 20 65 2
13 20 65 1
14 20 65 1
15 20 65 1
16 20 65 1
17 20 65 1
18 20 65 1
19 20 65 1
20 20 65 1
21 20 65 1
22 20 65 1
23 20 65 1
24 20 65 1
25 20 65 1
26 20 65 1
27 20 65 1
28 20 65 1
29 20 65 1
30 20 65 1
31 20 65 1
32 20 65 2
12 21 65 2
13 21 65 1
14 21 65 1
15 21 65 1
16 21 65 1
17 21 65 1
18 21 65 1
19 21 65 1
20 21 65 1
21 21 65 1
22 21 65 1
23 21 65 1
24 21 65 1
25 21 65 1
26 21 65 1
27 21 65 1
28 21 65 1
29 21 65 1
30 21 65 1
31 21 65 1
32 21 65 2
12 22 65 2
13 22 65 1
14 22 65 1
15 22 65 1
16 22 65 1
17 22 65 1
18 22 65 1
19 22 65 1
20 22 65 1
21 22 65 1
22 22 65 1
23 22 65 1
24 22 65 1
25 22 65 1
26 22 65 1
27 22 65 1
28 22 65 1
29 22 65 1
30 22 65 1
31 22 65 1
32 22 65 2
12 23 65 2
13 23 65 1
14 23 65 1
15 23 65 1
16 23 65 1
17 23 65 1
18 23 65 1
19 23 65 1
20 23 65 1
21 23 65 1
22 23 65 1
23 23 65 1
24 23 65 1
25 23 65 1
26 23 65 1
27 23 65 1
28 23 65 1
29 23 65 1
30 23 65 1
31 23 65 1
32 23 65 2
12 24 65 2
13 24 65 1
14 24 65 1
15 24 65 1
16 24 65 1
17 24 65 1
18 24 65 1
19 24 65 1
20 24 65 1
21 24 65 1
22 24 65 1
23 24 65 1
24 24 65 1
25 24 65 1
26 24 65 1
27 24 65 1
28 24 65 1
29 24 65 1
30 24 65 1
31 24 65 1
32 24 65 2
12 25 65 2
13 25 65 1
14 25 65 1
15 25 65 1
16 25 65 1
17 25 65 1
18 25 65 1
19 25 65 1
20 25 65 1
21 25 65 1
22 25 65 1
23 25 65 1
24 25 65 1
25 25 65 1
26 25 65 1
27 25 65 1
28 25 65 1
29 25 65 1
30 25 65 1
31 25 65 1
32 25 65 2
12 26 65 2
13 26 65 1
14 26 65 1
15 26 65 1
16 26 65 1
17 26 65 1
18 26 65 1
19 26 65 1
20 26 65 1
21 26 65 1
22 26 65 1
23 26 65 1
24 26 65 1
25 26 65 1
26 26 65 1
27 26 65 1
28 26 65 1
29 26 65 1
30 26 65 1
31 26 65 1
32 26 65 2
12 27 65 2
13 27 65 2
14 27 65 1
15 27 65 1
16 27 65 1
17 27 65 1
18 27 65 1
19 27 65 1
20 27 65 1
21 27 65 1
22 27 65 1
23 27 65 1
24 27 65 1
25 27 65 1
26 27 65 1
27 27 65 1
28 27 65 1
29 27 65 1
30 27 65 1
31 27 65 2
32 27 65 2
13 28 65 2
14 28 65 2
15 28 65 1
16 28 65 1
17 28 65 1
18 28 65 1
19 28 65 1
20 28 65 1
21 28 65 1
22 28 65 1
23 28 65 1
24 28 65 1
25 28 65 1
26 28 65 1
27 28 65 1
28 28 65 1
29 28 65 1
30 28 65 2
31 28 65 2
14 29 65 2
15 29 65 1
16 29 65 1
17 29 65 1
18 29 65 1
19 29 65 1
20 29 65 1
21 29 65 1
22 29 65 1
23 29 65 1
24 29 65 1
25 29 65 1
26 29 65 1
27 29 65 1
28 29 65 1
29 29 65 1
30 29 65 2
14 30 65 2
15 30 65 2
16 30 65 2
17 30 65 1
18 30 65 1
19 30 65 1
20 30 65 1
21 30 65 1
22 30 65 1
23 30 65 1
24 30 65 1
25 30 65 1
26 30 65 1
27 30 65 1
28 30 65 2
29 30 65 2
30 30 65 2
16 31 65 2
17 31 65 2
18 31 65 1
19 31 65 1
20 31 65 1
21 31 65 1
22 31 65 1
23 31 65 1
24 31 65 1
25 31 65 1
26 31 65 1
27 31 65 2
28 31 65 2
17 32 65 2
18 32 65 2
19 32 65 2
20 32 65 2
21 32 65 2
22 32 65 2
23 32 65 2
24 32 65 2
25 32 65 2
26 32 65 2
27 32 65 2
17 12 66 2
18 12 66 2
19 12 66 2
20 12 66 2
21 12 66 2
22 12 66 2
23 12 66 2
24 12 66 2
25 12 66 2
26 12 66 2
27 12 66 2
16 13 66 2
17 13 66 2
18 13 66 1
19 13 66 1
20 13 66 1
21 13 66 1
22 13 66 1
23 13 66 1
24 13 66 1
25 13 66 1
26 13 66 1
27 13 66 2
28 13 66 2
14 14 66 2
15 14 66 2
16 14 66 2
17 14 66 1
18 14 66 1
19 14 66 1
20 14 66 1
21 14 66 1
22 14 66 1
23 14 66 1
24 14 66 1
25 14 66 1
26 14 66 1
27 14 66 1
28 14 66 2
29 14 66 2
30 14 66 2
14 15 66 2
15 15 66 1
16 15 66 1
17 15 66 1
18 15 66 1
19 15 66 1
20 15 66 1
21 15 66 1
22 15 66 1
23 15 66 1
24 15 66 1
25 15 66 1
26 15 66 1
27 15 66 1
28 15 66 1
29 15 66 1
30 15 66 2
13 16 66 2
14 16 66 2
15 16 66 1
16 16 66 1
17 16 66 1
18 16 66 1
19 16 66 1
20 16 66 1
21 16 66 1
22 16 66 1
23 16 66 1
24 16 66 1
25 16 66 1
26 16 66 1
27 16 66 1
28 16 66 1
29 16 66 1
30 16 66 2
31 16 66 2
12 17 66 2
13 17 66 2
14 17 66 1
15 17 66 1
16 17 66 1
17 17 66 1
18 17 66 1
19 17 66 1
20 17 66 1
21 17 66 1
22 17 66 1
23 17 66 1
24 17 66 1
25 17 66 1
26 17 66 1
27 17 66 1
28 17 66 1
29 17 66 1
30 17 66 1
31 17 66 2
32 17 66 2
12 18 66 2
13 18 66 1
14 18 66 1
15 18 66 1
16 18 66 1
17 18 66 1
18 18 66 1
19 18 66 1
20 18 66 1
21 18 66 1
22 18 66 1
23 18 66 1
24 18 66 1
25 18 66 1
26 18 66 1
27 18 66 1
28 18 66 1
29 18 66 1
30 18 66 1
31 18 66 1
32 18 66 2
12 19 66 2
13 19 66 1
14 19 66 1
15 19 66 1
16 19 66 1
17 19 66 1
18 19 66 1
19 19 66 1
20 19 66 1
21 19 66 1
22 19 66 1
23 19 66 1
24 19 66 1
25 19 66 1
26 19 66 1
27 19 66 1
28 19 66 1
29 19 66 1
30 19 66 1
31 19 66 1
32 19 66 2
12 20 66 2
13 20 66 1
14 20 66 1
15 20 66 1
16 20 66 1
17 20 66 1
18 20 66 1
19 20 66 1
20 20 66 1
21 20 66 1
22 20 66 1
23 20 66 1
24 20 66 1
25 20 66 1
26 20 66 1
27 20 66 1
28 20 66 1
29 20 66 1
30 20 66 1
31 20 66 1
32 20 66 2
12 21 66 2
13 21 66 1
14 21 66 1
15 21 66 1
16 21 66 1
17 21 66 1
18 21 66 1
19 21 66 1
20 21 66 1
21 21 66 1
22 21 66 1
23 21 66 1
24 21 66 1
25 21 66 1
26 21 66 1
27 21 66 1
28 21 66 1
29 21 66 1
30 21 66 1
31 21 66 1
32 21 66 2
12 22 66 2
13 22 66 1
14 22 66 1
15 22 66 1
16 22 66 1
17 22 66 1
18 22 66 1
19 22 66 1
20 22 66 1
21 22 66 1
22 22 66 1
23 22 66 1
24 22 66 1
25 22 66 1
26 22 66 1
27 22 66 1
28 22 66 1
29 22 66 1
30 22 66 1
31 22 66 1
32 22 66 2
12 23 66 2
13 23 66 1
14 23 66 1
15 23 66 1
16 23 66 1
17 23 66 1
18 23 66 1
19 23 66 1
20 23 66 1
21 23 66 1
22 23 66 1
23 23 66 1
24 23 66 1
25 23 66 1
26 23 66 1
27 23 66 1
28 23 66 1
29 23 66 1
30 23 66 1
31 23 66 1
32 23 66 2
12 24 66 2
13 24 66 1
14 24 66 1
15 24 66 1
16 24 66 1
17 24 66 1
18 24 66 1
19 24 66 1
20 24 66 1
21 24 66 1
22 24 66 1
23 24 66 1
24 24 66 1
25 24 66 1
26 24 66 1
27 24 66 1
28 24 66 1
29 24 66 1
30 24 66 1
31 24 66 1
32 24 66 2
12 25 66 2
13 25 66 1
14 25 66 1
15 25 66 1
16 25 66 1
17 25 66 1
18 25 66 1
19 25 66 1
20 25 66 1
21 25 66 1
22 25 66 1
23 25 66 1
24 25 66 1
25 25 66 1
26 25 66 1
27 25 66 1
28 25 66 1
29 25 66 1
30 25 66 1
31 25 66 1
32 25 66 2
12 26 66 2
13 26 66 1
14 26 66 1
15 26 66 1
16 26 66 1
17 26 66 1
18 26 66 1
19 26 66 1
20 26 66 1
21 26 66 1
22 26 66 1
23 26 66 1
24 26 66 1
25 26 66 1
26 26 66 1
27 26 66 1
28 26 66 1
29 26 66 1
30 26 66 1
31 26 66 1
32 26 66 2
12 27 66 2
13 27 66 2
14 27 66 1
15 27 66 1
16 27 66 1
17 27 66 1
18 27 66 1
19 27 66 1
20 27 66 1
21 27 66 1
22 27 66 1
23 27 66 1
24 27 66 1
25 27 66 1
26 27 66 1
27 27 66 1
28 27 66 1
29 27 66 1
30 27 66 1
31 27 66 2
32 27 66 2
13 28 66 2
14 28 66 2
15 28 66 1
16 28 66 1
17 28 66 1
18 28 66 1
19 28 66 1
20 28 66 1
21 28 66 1
22 28 66 1
23 28 66 1
24 28 66 1
25 28 66 1
26 28 66 1
27 28 66 1
28 28 66 1
29 28 66 1
30 28 66 2
31 28 66 2
14 29 66 2
15 29 66 1
16 29 66 1
17 29 66 1
18 29 66 1
19 29 66 1
20 29 66 1
21 29 66 1
22 29 66 1
23 29 66 1
24 29 66 1
25 29 66 1
26 29 66 1
27 29 66 1
28 29 66 1
29 29 66 1
30 29 66 2
14 30 66 2
15 30 66 2
16 30 66 2
17 30 66 1
18 30 66 1
19 30 66 1
20 30 66 1
21 30 66 1
22 30 66 1
23 30 66 1
24 30 66 1
25 30 66 1
26 30 66 1
27 30 66 1
28 30 66 2
29 30 66 2
30 30 66 2
16 31 66 2
17 31 66 2
18 31 66 1
19 31 66 1
20 31 66 1
21 31 66 1
22 31 66 1
23 31 66 1
24 31 66 1
25 31 66 1
26 31 66 1
27 31 66 2
28 31 66 2
17 32 66 2
18 32 66 2
19 32 66 2
20 32 66 2
21 32 66 2
22 32 66 2
23 32 66 2
24 32 66 2
25 32 66 2
26 32 66 2
27 32 66 2
17 12 67 2
18 12 67 2
19 12 67 2
20 12 67 2
21 12 67 2
22 12 67 2
23 12 67 2
24 12 67 2
25 12 67 2
26 12 67 2
27 12 67 2
16 13 67 2
17 13 67 2
18 13 67 1
19 13 67 1
20 13 67 1
21 13 67 1
22 13 67 1
23 13 67 1
24 13 67 1
25 13 67 1
26 13 67 1
27 13 67 2
28 13 67 2
14 14 67 2
15 14 67 2
16 14 67 2
17 14 67 1
18 14 67 1
19 14 67 1
20 14 67 1
21 14 67 1
22 14 67 1
23 14 67 1
24 14 67 1
25 14 67 1
26 14 67 1
27 14 67 1
28 14 67 2
29 14 67 2
30 14 67 2
14 15 67 2
15 15 67 1
16 15 67 1
17 15 67 1
18 15 67 1
19 15 67 1
20 15 67 1
21 15 67 1
22 15 67 1
23 15 67 1
24 15 67 1
25 15 67 1
26 15 67 1
27 15 67 1
28 15 67 1
29 15 67 1
30 15 67 2
13 16 67 2
14 16 67 2
15 16 67 1
16 16 67 1
17 16 67 1
18 16 67 1
19 16 67 1
20 16 67 1
21 16 67 1
22 16 67 1
23 16 67 1
24 16 67 1
25 16 67 1
26 16 67 1
27 16 67 1
28 16 67 1
29 16 67 1
30 16 67 2
31 16 67 2
12 17 67 2
13 17 67 2
14 17 67 1
15 17 67 1
16 17 67 1
17 17 67 1
18 17 67 1
19 17 67 1
20 17 67 1
21 17 67 1
22 17 67 1
23 17 67 1
24 17 67 1
25 17 67 1
26 17 67 1
27 17 67 1
28 17 67 1
29 17 67 1
30 17 67 1
31 17 67 2
32 17 67 2
12 18 67 2
13 18 67 1
14 18 67 1
15 18 67 1
16 18 67 1
17 18 67 1
18 18 67 1
19 18 67 1
20 18 67 1
21 18 67 1
22 18 67 1
23 18 67 1
24 18 67 1
25 18 67 1
26 18 67 1
27 18 67 1
28 18 67 1
29 18 67 1
30 18 67 1
31 18 67 1
32 18 67 2
12 19 67 2
13 19 67 1
14 19 67 1
15 19 67 1
16 19 67 1
17 19 67 1
18 19 67 1
19 19 67 1
20 19 67 1
21 19 67 1
22 19 67 1
23 19 67 1
24 19 67 1
25 19 67 1
26 19 67 1
27 19 67 1
28 19 67 1
29 19 67 1
30 19 67 1
31 19 67 1
32 19 67 2
12 20 67 2
13 20 67 1
14 20 67 1
15 20 67 1
16 20 67 1
17 20 67 1
18 20 67 1
19 20 67 1
20 20 67 1
21 20 67 1
22 20 67 1
23 20 67 1
24 20 67 1
25 20 67 1
26 20 67 1
27 20 67 1
28 20 67 1
29 20 67 1
30 20 67 1
31 20 67 1
32 20 67 2
12 21 67 2
13 21 67 1
14 21 67 1
15 21 67 1
16 21 67 1
17 21 67 1
18 21 67 1
19 21 67 1
20 21 67 1
21 21 67 1
22 21 67 1
23 21 67 1
24 21 67 1
25 21 67 1
26 21 67 1
27 21 67 1
28 21 67 1
29 21 67 1
30 21 67 1
31 21 67 1
32 21 67 2
12 22 67 2
13 22 67 1
14 22 67 1
15 22 67 1
16 22 67 1
17 22 67 1
18 22 67 1
19 22 67 1
20 22 67 1
21 22 67 1
22 22 67 1
23 22 67 1
24 22 67 1
25 22 67 1
26 22 67 1
27 22 67 1
28 22 67 1
29 22 67 1
30 22 67 1
31 22 67 1
32 22 67 2
12 23 67 2
13 23 67 1
14 23 67 1
15 23 67 1
16 23 67 1
17 23 67 1
18 23 67 1
19 23 67 1
20 23 67 1
21 23 67 1
22 23 67 1
23 23 67 1
24 23 67 1
25 23 67 1
26 23 67 1
27 23 67 1
28 23 67 1
29 23 67 1
30 23 67 1
31 23 67 1
32 23 67 2
12 24 67 2
13 24 67 1
14 24 67 1
15 24 67 1
16 24 67 1
17 24 67 1
18 24 67 1
19 24 67 1
20 24 67 1
21 24 67 1
22 24 67 1
23 24 67 1
24 24 67 1
25 24 67 1
26 24 67 1
27 24 67 1
28 24 67 1
29 24 67 1
30 24 67 1
31 24 67 1
32 24 67 2
12 25 67 2
13 25 67 1
14 25 67 1
15 25 67 1
16 25 67 1
17 25 67 1
18 25 67 1
19 25 67 1
20 25 67 1
21 25 67 1
22 25 67 1
23 25 67 1
24 25 67 1
25 25 67 1
26 25 67 1
27 25 67 1
28 25 67 1
29 25 67 1
30 25 67 1
31 25 67 1
32 25 67 2
12 26 67 2
13 26 67 1
14 26 67 1
15 26 67 1
16 26 67 1
17 26 67 1
18 26 67 1
19 26 67 1
20 26 67 1
21 26 67 1
22 26 67 1
23 26 67 1
24 26 67 1
25 26 67 1
26 26 67 1
27 26 67 1
28 26 67 1
29 26 67 1
30 26 67 1
31 26 67 1
32 26 67 2
12 27 67 2
13 27 67 2
14 27 67 1
15 27 67 1
16 27 67 1
17 27 67 1
18 27 67 1
19 27 67 1
20 27 67 1
21 27 67 1
22 27 67 1
23 27 67 1
24 27 67 1
25 27 67 1
26 27 67 1
27 27 67 1
28 27 67 1
29 27 67 1
30 27 67 1
31 27 67 2
32 27 67 2
13 28 67 2
14 28 67 2
15 28 67 1
16 28 67 1
17 28 67 1
18 28 67 1
19 28 67 1
20 28 67 1
21 28 67 1
22 28 67 1
23 28 67 1
24 28 67 1
25 28 67 1
26 28 67 1
27 28 67 1
28 28 67 1
29 28 67 1
30 28 67 2
31 28 67 2
14 29 67 2
15 29 67 1
16 29 67 1
17 29 67 1
18 29 67 1
19 29 67 1
20 29 67 1
21 29 67 1
22 29 67 1
23 29 67 1
24 29 67 1
25 29 67 1
26 29 67 1
27 29 67 1
28 29 67 1
29 29 67 1
30 29 67 2
14 30 67 2
15 30 67 2
16 30 67 2
17 30 67 1
18 30 67 1
19 30 67 1
20 30 67 1
21 30 67 1
22 30 67 1
23 30 67 1
24 30 67 1
25 30 67 1
26 30 67 1
27 30 67 1
28 30 67 2
29 30 67 2
30 30 67 2
16 31 67 2
17 31 67 2
18 31 67 1
19 31 67 1
20 31 67 1
21 31 67 1
22 31 67 1
23 31 67 1
24 31 67 1
25 31 67 1
26 31 67 1
27 31 67 2
28 31 67 2
17 32 67 2
18 32 67 2
19 32 67 2
20 32 67 2
21 32 67 2
22 32 67 2
23 32 67 2
24 32 67 2
25 32 67 2
26 32 67 2
27 32 67 2
17 12 68 2
18 12 68 2
19 12 68 2
20 12 68 2
21 12 68 2
22 12 68 2
23 12 68 2
24 12 68 2
25 12 68 2
26 12 68 2
27 12 68 2
16 13 68 2
17 13 68 2
18 13 68 1
19 13 68 1
20 13 68 1
21 13 68 1
22 13 68 1
23 13 68 1
24 13 68 1
25 13 68 1
26 13 68 1
27 13 68 2
28 13 68 2
14 14 68 2
15 14 68 2
16 14 68 2
17 14 68 1
18 14 68 1
19 14 68 1
20 14 68 1
21 14 68 1
22 14 68 1
23 14 68 1
24 14 68 1
25 14 68 1
26 14 68 1
27 14 68 1
28 14 68 2
29 14 68 2
30 14 68 2
14 15 68 2
15 15 68 1
16 15 68 1
17 15 68 1
18 15 68 1
19 15 68 1
20 15 68 1
21 15 68 1
22 15 68 1
23 15 68 1
24 15 68 1
25 15 68 1
26 15 68 1
27 15 68 1
28 15 68 1
29 15 68 1
30 15 68 2
13 16 68 2
14 16 68 2
15 16 68 1
16 16 68 1
17 16 68 1
18 16 68 1
19 16 68 1
20 16 68 1
21 16 68 1
22 16 68 1
23 16 68 1
24 16 68 1
25 16 68 1
26 16 68 1
27 16 68 1
28 16 68 1
29 16 68 1
30 16 68 2
31 16 68 2
12 17 68 2
13 17 68 2
14 17 68 1
15 17 68 1
16 17 68 1
17 17 68 1
18 17 68 1
19 17 68 1
20 17 68 1
21 17 68 1
22 17 68 1
23 17 68 1
24 17 68 1
25 17 68 1
26 17 68 1
27 17 68 1
28 17 68 1
29 17 68 1
30 17 68 1
31 17 68 2
32 17 68 2
12 18 68 2
13 18 68 1
14 18 68 1
15 18 68 1
16 18 68 1
17 18 68 1
18 18 68 1
19 18 68 1
20 18 68 1
21 18 68 1
22 18 68 1
23 18 68 1
24 18 68 1
25 18 68 1
26 18 68 1
27 18 68 1
28 18 68 1
29 18 68 1
30 18 68 1
31 18 68 1
32 18 68 2
12 19 68 2
13 19 68 1
14 19 68 1
15 19 68 1
16 19 68 1
17 19 68 1
18 19 68 1
19 19 68 1
20 19 68 1
21 19 68 1
22 19 68 1
23 19 68 1
24 19 68 1
25 19 68 1
26 19 68 1
27 19 68 1
28 19 68 1
29 19 68 1
30 19 68 1
31 19 68 1
32 19 68 2
12 20 68 2
13 20 68 1
14 20 68 1
15 20 68 1
16 20 68 1
17 20 68 1
18 20 68 1
19 20 68 1
20 20 68 1
21 20 68 1
22 20 68 1
23 20 68 1
24 20 68 1
25 20 68 1
26 20 68 1
27 20 68 1
28 20 68 1
29 20 68 1
30 20 68 1
31 20 68 1
32 20 68 2
12 21 68 2
13 21 68 1
14 21 68 1
15 21 68 1
16 21 68 1
17 21 68 1
18 21 68 1
19 21 68 1
20 21 68 1
21 21 68 1
22 21 68 1
23 21 68 1
24 21 68 1
25 21 68 1
26 21 68 1
27 21 68 1
28 21 68 1
29 21 68 1
30 21 68 1
31 21 68 1
32 21 68 2
12 22 68 2
13 22 68 1
14 22 68 1
15 22 68 1
16 22 68 1
17 22 68 1
18 22 68 1
19 22 68 1
20 22 68 1
21 22 68 1
22 22 68 1
23 22 68 1
24 22 68 1
25 22 68 1
26 22 68 1
27 22 68 1
28 22 68 1
29 22 68 1
30 22 68 1
31 22 68 1
32 22 68 2
12 23 68 2
13 23 68 1
14 23 68 1
15 23 68 1
16 23 68 1
17 23 68 1
18 23 68 1
19 23 68 1
20 23 68 1
21 23 68 1
22 23 68 1
23 23 68 1
24 23 68 1
25 23 68 1
26 23 68 1
27 23 68 1
28 23 68 1
29 23 68 1
30 23 68 1
31 23 68 1
32 23 68 2
12 24 68 2
13 24 68 1
14 24 68 1
15 24 68 1
16 24 68 1
17 24 68 1
18 24 68 1
19 24 68 1
20 24 68 1
21 24 68 1
22 24 68 1
23 24 68 1
24 24 68 1
25 24 68 1
26 24 68 1
27 24 68 1
28 24 68 1
29 24 68 1
30 24 68 1
31 24 68 1
32 24 68 2
12 25 68 2
13 25 68 1
14 25 68 1
15 25 68 1
16 25 68 1
17 25 68 1
18 25 68 1
19 25 68 1
20 25 68 1
21 25 68 1
22 25 68 1
23 25 68 1
24 25 68 1
25 25 68 1
26 25 68 1
27 25 68 1
28 25 68 1
29 25 68 1
30 25 68 1
31 25 68 1
32 25 68 2
12 26 68 2
13 26 68 1
14 26 68 1
15 26 68 1
16 26 68 1
17 26 68 1
18 26 68 1
19 26 68 1
20 26 68 1
21 26 68 1
22 26 68 1
23 26 68 1
24 26 68 1
25 26 68 1
26 26 68 1
27 26 68 1
28 26 68 1
29 26 68 1
30 26 68 1
31 26 68 1
32 26 68 2
12 27 68 2
13 27 68 2
14 27 68 1
15 27 68 1
16 27 68 1
17 27 68 1
18 27 68 1
19 27 68 1
20 27 68 1
21 27 68 1
22 27 68 1
23 27 68 1
24 27 68 1
25 27 68 1
26 27 68 1
27 27 68 1
28 27 68 1
29 27 68 1
30 27 68 1
31 27 68 2
32 27 68 2
13 28 68 2
14 28 68 2
15 28 68 1
16 28 68 1
17 28 68 1
18 28 68 1
19 28 68 1
20 28 68 1
21 28 68 1
22 28 68 1
23 28 68 1
24 28 68 1
25 28 68 1
26 28 68 1
27 28 68 1
28 28 68 1
29 28 68 1
30 28 68 2
31 28 68 2
14 29 68 2
15 29 68 1
16 29 68 1
17 29 68 1
18 29 68 1
19 29 68 1
20 29 68 1
21 29 68 1
22 29 68 1
23 29 68 1
24 29 68 1
25 29 68 1
26 29 68 1
27 29 68 1
28 29 68 1
29 29 68 1
30 29 68 2
14 30 68 2
15 30 68 2
16 30 68 2
17 30 68 1
18 30 68 1
19 30 68 1
20 30 68 1
21 30 68 1
22 30 68 1
23 30 68 1
24 30 68 1
25 30 68 1
26 30 68 1
27 30 68 1
28 30 68 2
29 30 68 2
30 30 68 2
16 31 68 2
17 31 68 2
18 31 68 1
19 31 68 1
20 31 68 1
21 31 68 1
22 31 68 1
23 31 68 1
24 31 68 1
25 31 68 1
26 31 68 1
27 31 68 2
28 31 68 2
17 32 68 2
18 32 68 2
19 32 68 2
20 32 68 2
21 32 68 2
22 32 68 2
23 32 68 2
24 32 68 2
25 32 68 2
26 32 68 2
27 32 68 2
17 12 69 2
18 12 69 2
19 12 69 2
20 12 69 2
21 12 69 2
22 12 69 2
23 12 69 2
24 12 69 2
25 12 69 2
26 12 69 2
27 12 69 2
16 13 69 2
17 13 69 2
18 13 69 1
19 13 69 1
20 13 69 1
21 13 69 1
22 13 69 1
23 13 69 1
24 13 69 1
25 13 69 1
26 13 69 1
27 13 69 2
28 13 69 2
14 14 69 2
15 14 69 2
16 14 69 2
17 14 69 1
18 14 69 1
19 14 69 1
20 14 69 1
21 14 69 1
22 14 69 1
23 14 69 1
24 14 69 1
25 14 69 1
26 14 69 1
27 14 69 1
28 14 69 2
29 14 69 2
30 14 69 2
14 15 69 2
15 15 69 1
16 15 69 1
17 15 69 1
18 15 69 1
19 15 69 1
20 15 69 1
21 15 69 1
22 15 69 1
23 15 69 1
24 15 69 1
25 15 69 1
26 15 69 1
27 15 69 1
28 15 69 1
29 15 69 1
30 15 69 2
13 16 69 2
14 16 69 2
15 16 69 1
16 16 69 1
17 16 69 1
18 16 69 1
19 16 69 1
20 16 69 1
21 16 69 1
22 16 69 1
23 16 69 1
24 16 69 1
25 16 69 1
26 16 69 1
27 16 69 1
28 16 69 1
29 16 69 1
30 16 69 2
31 16 69 2
12 17 69 2
13 17 69 2
14 17 69 1
15 17 69 1
16 17 69 1
17 17 69 1
18 17 69 1
19 17 69 1
20 17 69 1
21 17 69 1
22 17 69 1
23 17 69 1
24 17 69 1
25 17 69 1
26 17 69 1
27 17 69 1
28 17 69 1
29 17 69 1
30 17 69 1
31 17 69 2
32 17 69 2
12 18 69 2
13 18 69 1
14 18 69 1
15 18 69 1
16 18 69 1
17 18 69 1
18 18 69 1
19 18 69 1
20 18 69 1
21 18 69 1
22 18 69 1
23 18 69 1
24 18 69 1
25 18 69 1
26 18 69 1
27 18 69 1
28 18 69 1
29 18 69 1
30 18 69 1
31 18 69 1
32 18 69 2
12 19 69 2
13 19 69 1
14 19 69 1
15 19 69 1
16 19 69 1
17 19 69 1
18 19 69 1
19 19 69 1
20 19 69 1
21 19 69 1
22 19 69 1
23 19 69 1
24 19 69 1
25 19 69 1
26 19 69 1
27 19 69 1
28 19 69 1
29 19 69 1
30 19 69 1
31 19 69 1
32 19 69 2
12 20 69 2
13 20 69 1
14 20 69 1
15 20 69 1
16 20 69 1
17 20 69 1
18 20 69 1
19 20 69 1
20 20 69 1
21 20 69 1
22 20 69 1
23 20 69 1
24 20 69 1
25 20 69 1
26 20 69 1
27 20 69 1
28 20 69 1
29 20 69 1
30 20 69 1
31 20 69 1
32 20 69 2
12 21 69 2
13 21 69 1
14 21 69 1
15 21 69 1
16 21 69 1
17 21 69 1
18 21 69 1
19 21 69 1
20 21 69 1
21 21 69 1
22 21 69 1
23 21 69 1
24 21 69 1
25 21 69 1
26 21 69 1
27 21 69 1
28 21 69 1
29 21 69 1
30 21 69 1
31 21 69 1
32 21 69 2
12 22 69 2
13 22 69 1
14 22 69 1
15 22 69 1
16 22 69 1
17 22 69 1
18 22 69 1
19 22 69 1
20 22 69 1
21 22 69 1
22 22 69 1
23 22 69 1
24 22 69 1
25 22 69 1
26 22 69 1
27 22 69 1
28 22 69 1
29 22 69 1
30 22 69 1
31 22 69 1
32 22 69 2
12 23 69 2
13 23 69 1
14 23 69 1
15 23 69 1
16 23 69 1
17 23 69 1
18 23 69 1
19 23 69 1
20 23 69 1
21 23 69 1
22 23 69 1
23 23 69 1
24 23 69 1
25 23 69 1
26 23 69 1
27 23 69 1
28 23 69 1
29 23 69 1
30 23 69 1
31 23 69 1
32 23 69 2
12 24 69 2
13 24 69 1
14 24 69 1
15 24 69 1
16 24 69 1
17 24 69 1
18 24 69 1
19 24 69 1
20 24 69 1
21 24 69 1
22 24 69 1
23 24 69 1
24 24 69 1
25 24 69 1
26 24 69 1
27 24 69 1
28 24 69 1
29 24 69 1
30 24 69 1
31 24 69 1
32 24 69 2
12 25 69 2
13 25 69 1
14 25 69 1
15 25 69 1
16 25 69 1
17 25 69 1
18 25 69 1
19 25 69 1
20 25 69 1
21 25 69 1
22 25 69 1
23 25 69 1
24 25 69 1
25 25 69 1
26 25 69 1
27 25 69 1
28 25 69 1
29 25 69 1
30 25 69 1
31 25 69 1
32 25 69 2
12 26 69 2
13 26 69 1
14 26 69 1
15 26 69 1
16 26 69 1
17 26 69 1
18 26 69 1
19 26 69 1
20 26 69 1
21 26 69 1
22 26 69 1
23 26 69 1
24 26 69 1
25 26 69 1
26 26 69 1
27 26 69 1
28 26 69 1
29 26 69 1
30 26 69 1
31 26 69 1
32 26 69 2
12 27 69 2
13 27 69 2
14 27 69 1
15 27 69 1
16 27 69 1
17 27 69 1
18 27 69 1
19 27 69 1
20 27 69 1
21 27 69 1
22 27 69 1
23 27 69 1
24 27 69 1
25 27 69 1
26 27 69 1
27 27 69 1
28 27 69 1
29 27 69 1
30 27 69 1
31 27 69 2
32 27 69 2
13 28 69 2
14 28 69 2
15 28 69 1
16 28 69 1
17 28 69 1
18 28 69 1
19 28 69 1
20 28 69 1
21 28 69 1
22 28 69 1
23 28 69 1
24 28 69 1
25 28 69 1
26 28 69 1
27 28 69 1
28 28 69 1
29 28 69 1
30 28 69 2
31 28 69 2
14 29 69 2
15 29 69 1
16 29 69 1
17 29 69 1
18 29 69 1
19 29 69 1
20 29 69 1
21 29 69 1
22 29 69 1
23 29 69 1
24 29 69 1
25 29 69 1
26 29 69 1
27 29 69 1
28 29 69 1
29 29 69 1
30 29 69 2
14 30 69 2
15 30 69 2
16 30 69 2
17 30 69 1
18 30 69 1
19 30 69 1
20 30 69 1
21 30 69 1
22 30 69 1
23 30 69 1
24 30 69 1
25 30 69 1
26 30 69 1
27 30 69 1
28 30 69 2
29 30 69 2
30 30 69 2
16 31 69 2
17 31 69 2
18 31 69 1
19 31 69 1
20 31 69 1
21 31 69 1
22 31 69 1
23 31 69 1
24 31 69 1
25 31 69 1
26 31 69 1
27 31 69 2
28 31 69 2
17 32 69 2
18 32 69 2
19 32 69 2
20 32 69 2
21 32 69 2
22 32 69 2
23 32 69 2
24 32 69 2
25 32 69 2
26 32 69 2
27 32 69 2
18 12 70 2
19 12 70 2
20 12 70 2
21 12 70 2
22 12 70 2
23 12 70 2
24 12 70 2
25 12 70 2
26 12 70 2
17 13 70 2
18 13 70 2
19 13 70 2
20 13 70 2
21 13 70 2
22 13 70 2
23 13 70 2
24 13 70 2
25 13 70 2
26 13 70 2
27 13 70 2
15 14 70 2
16 14 70 2
17 14 70 2
18 14 70 2
19 14 70 2
20 14 70 2
21 14 70 2
22 14 70 2
23 14 70 2
24 14 70 2
25 14 70 2
26 14 70 2
27 14 70 2
28 14 70 2
29 14 70 2
14 15 70 2
15 15 70 2
16 15 70 2
17 15 70 2
18 15 70 2
19 15 70 2
20 15 70 2
21 15 70 2
22 15 70 2
23 15 70 2
24 15 70 2
25 15 70 2
26 15 70 2
27 15 70 2
28 15 70 2
29 15 70 2
30 15 70 2
14 16 70 2
15 16 70 2
16 16 70 2
17 16 70 2
18 16 70 2
19 16 70 2
20 16 70 2
21 16 70 2
22 16 70 2
23 16 70 2
24 16 70 2
25 16 70 2
26 16 70 2
27 16 70 2
28 16 70 2
29 16 70 2
30 16 70 2
13 17 70 2
14 17 70 2
15 17 70 2
16 17 70 2
17 17 70 2
18 17 70 2
19 17 70 2
20 17 70 2
21 17 70 2
22 17 70 2
23 17 70 2
24 17 70 2
25 17 70 2
26 17 70 2
27 17 70 2
28 17 70 2
29 17 70 2
30 17 70 2
31 17 70 2
12 18 70 2
13 18 70 2
14 18 70 2
15 18 70 2
16 18 70 2
17 18 70 2
18 18 70 2
19 18 70 2
20 18 70 2
21 18 70 2
22 18 70 2
23 18 70 2
24 18 70 2
25 18 70 2
26 18 70 2
27 18 70 2
28 18 70 2
29 18 70 2
30 18 70 2
31 18 70 2
32 18 70 2
12 19 70 2
13 19 70 2
14 19 70 2
15 19 70 2
16 19 70 2
17 19 70 2
18 19 70 2
19 19 70 2
20 19 70 2
21 19 70 2
22 19 70 2
23 19 70 2
24 19 70 2
25 19 70 2
26 19 70 2
27 19 70 2
28 19 70 2
29 19 70 2
30 19 70 2
31 19 70 2
32 19 70 2
12 20 70 2
13 20 70 2
14 20 70 2
15 20 70 2
16 20 70 2
17 20 70 2
18 20 70 2
19 20 70 2
20 20 70 2
21 20 70 2
22 20 70 2
23 20 70 2
24 20 70 2
25 20 70 2
26 20 70 2
27 20 70 2
28 20 70 2
29 20 70 2
30 20 70 2
31 20 70 2
32 20 70 2
12 21 70 2
13 21 70 2
14 21 70 2
15 21 70 2
16 21 70 2
17 21 70 2
18 21 70 2
19 21 70 2
20 21 70 2
21 21 70 2
22 21 70 2
23 21 70 2
24 21 70 2
25 21 70 2
26 21 70 2
27 21 70 2
28 21 70 2
29 21 70 2
30 21 70 2
31 21 70 2
32 21 70 2
12 22 70 2
13 22 70 2
14 22 70 2
15 22 70 2
16 22 70 2
17 22 70 2
18 22 70 2
19 22 70 2
20 22 70 2
21 22 70 2
22 22 70 2
23 22 70 2
24 22 70 2
25 22 70 2
26 22 70 2
27 22 70 2
28 22 70 2
29 22 70 2
30 22 70 2
31 22 70 2
32 22 70 2
12 23 70 2
13 23 70 2
14 23 70 2
15 23 70 2
16 23 70 2
17 23 70 2
18 23 70 2
19 23 70 2
20 23 70 2
21 23 70 2
22 23 70 2
23 23 70 2
24 23 70 2
25 23 70 2
26 23 70 2
27 23 70 2
28 23 70 2
29 23 70 2
30 23 70 2
31 23 70 2
32 23 70 2
12 24 70 2
13 24 70 2
14 24 70 2
15 24 70 2
16 24 70 2
17 24 70 2
18 24 70 2
19 24 70 2
20 24 70 2
21 24 70 2
22 24 70 2
23 24 70 2
24 24 70 2
25 24 70 2
26 24 70 2
27 24 70 2
28 24 70 2
29 24 70 2
30 24 70 2
31 24 70 2
32 24 70 2
12 25 70 2
13 25 70 2
14 25 70 2
15 25 70 2
16 25 70 2
17 25 70 2
18 25 70 2
19 25 70 2
20 25 70 2
21 25 70 2
22 25 70 2
23 25 70 2
24 25 70 2
25 25 70 2
26 25 70 2
27 25 70 2
28 25 70 2
29 25 70 2
30 25 70 2
31 25 70 2
32 25 70 2
12 26 70 2
13 26 70 2
14 26 70 2
15 26 70 2
16 26 70 2
17 26 70 2
18 26 70 2
19 26 70 2
20 26 70 2
21 26 70 2
22 26 70 2
23 26 70 2
24 26 70 2
25 26 70 2
26 26 70 2
27 26 70 2
28 26 70 2
29 26 70 2
30 26 70 2
31 26 70 2
32 26 70 2
13 27 70 2
14 27 70 2
15 27 70 2
16 27 70 2
17 27 70 2
18 27 70 2
19 27 70 2
20 27 70 2
21 27 70 2
22 27 70 2
23 27 70 2
24 27 70 2
25 27 70 2
26 27 70 2
27 27 70 2
28 27 70 2
29 27 70 2
30 27 70 2
31 27 70 2
14 28 70 2
15 28 70 2
16 28 70 2
17 28 70 2
18 28 70 2
19 28 70 2
20 28 70 2
21 28 70 2
22 28 70 2
23 28 70 2
24 28 70 2
25 28 70 2
26 28 70 2
27 28 70 2
28 28 70 2
29 28 70 2
30 28 70 2
14 29 70 2
15 29 70 2
16 29 70 2
17 29 70 2
18 29 70 2
19 29 70 2
20 29 70 2
21 29 70 2
22 29 70 2
23 29 70 2
24 29 70 2
25 29 70 2
26 29 70 2
27 29 70 2
28 29 70 2
29 29 70 2
30 29 70 2
15 30 70 2
16 30 70 2
17 30 70 2
18 30 70 2
19 30 70 2
20 30 70 2
21 30 70 2
22 30 70 2
23 30 70 2
24 30 70 2
25 30 70 2
26 30 70 2
27 30 70 2
28 30 70 2
29 30 70 2
17 31 70 2
18 31 70 2
19 31 70 2
20 31 70 2
21 31 70 2
22 31 70 2
23 31 70 2
24 31 70 2
25 31 70 2
26 31 70 2
27 31 70 2
18 32 70 2
19 32 70 2
20 32 70 2
21 32 70 2
22 32 70 2
23 32 70 2
24 32 70 2
25 32 70 2
26 32 70 2
